8.909492570000003830e-01
4.041182549837431526e-01
9.868490350075981299e-02
4.594679632277506864e-01
4.452311167099076150e-01
9.821289292259466341e-02
2.211822971954952588e-01
6.972216146707488349e-01
4.604258287187670828e-01
8.846505513974236568e-01
1.008362675546211062e-01
5.970162591330447910e-01
1.753108369071067485e-01
9.891960026817669949e-02
4.117714552211498291e-01
4.648862616222987909e-01
4.941140349765644202e-01
3.689444600155047937e-01
5.010030665496438829e-01
5.645245292507057311e-01
9.060622010042855834e-01
6.415548320464108389e-01
9.136778024321727809e-01
4.519242511710403476e-01
9.549653589016032784e-02
9.006128562268118642e-01
8.959802604743969390e-01
1.061353619671556170e-01
6.387569668766932551e-01
8.818109586843252412e-01
8.794881100618652248e-01
4.756483880425375621e-01
9.291779213768008860e-02
4.548819153418408034e-01
9.143877390416493833e-02
1.276679147091172584e-01
6.430433241342636830e-01
1.041714946118407759e-01
5.352930406950384690e-01
1.346076192521770687e-01
5.836855268127414398e-01
9.179784703308152549e-02
1.046827091367784068e-01
6.635718537708861220e-01
4.259253135790091460e-01
5.005699564808760993e-01
5.125185466700685755e-01
5.051509634476585298e-01
8.960843719209460323e-02
4.041770666259871247e-01
9.028160863913301526e-01
4.816098555101053225e-01
6.459617764101557302e-01
6.648022122804242429e-01
8.880305267074686260e-01
3.759549255744706886e-01
9.466212625380038270e-02
5.935579762877143395e-01
9.826111540399601330e-02
3.570948367214922814e-01
2.872426674241841948e-01
4.791197681849378998e-01
9.726112667148661961e-02
9.804173007214861402e-02
6.604536692475395654e-01
2.897463903894031412e-01
9.175899158922491416e-01
6.520164078673053032e-01
5.447854747212805826e-01
3.022825365633550754e-01
9.063551285267096302e-02
8.961188273557146866e-02
3.016548407165265400e-01
4.371808890631092015e-01
3.700677015231811917e-01
3.710661522353783659e-01
9.967338493029015423e-02
2.925760358992485766e-01
7.506777387948966318e-01
8.752955785221567808e-01
8.675036557734966403e-02
7.447081820772993854e-01
2.185947487195941119e-01
1.991891736827103299e-01
9.897133758129456060e-02
2.374860035837686456e-01
9.675119791806680025e-02
5.823178654380574137e-01
7.022351716288102175e-01
9.886339330933663350e-02
1.144347216475817830e-01
8.903953014879997241e-01
6.394996789615712274e-01
3.386611660732837259e-01
1.275809113640930526e-01
1.010326401520337813e-01
3.278161250126078730e-01
1.017006894666585004e-01
8.937818840733707804e-02
5.725239788463787338e-01
6.247663126580771387e-01
4.960384785053053025e-01
6.666616287383688721e-01
3.285258075105891851e-01
4.632878703308707657e-01
9.245366242438873838e-02
7.360555048273267342e-01
3.043010704927743837e-01
1.024507180575249810e-01
6.303201848865989110e-01
1.070996618325413263e-01
6.451036746384990472e-01
7.527009731912284174e-01
8.868867139639819985e-01
9.486855269639699051e-02
8.664969029705177350e-02
4.975646098603817014e-01
6.751664760028976975e-01
9.901349470546289000e-02
4.259185700031029032e-01
5.970025663664380033e-01
4.953197850946484126e-01
4.154043459923179582e-01
1.112339275804459793e-01
9.031197076876624763e-01
1.076940676114507833e-01
9.937778428622584537e-02
1.015085217212661761e-01
6.198651104069119455e-01
6.226369254040005075e-01
9.063803090127038331e-01
9.398336798475143139e-02
5.499685443771558102e-01
7.001068020516663104e-01
3.707346945210701628e-01
2.751448634085444378e-01
8.866133442378190122e-01
8.883489487641036408e-01
7.607701035153111579e-01
9.023673705935351119e-01
7.529595655352840922e-01
3.231513721957505747e-01
6.433683269063588117e-01
5.761642899819598984e-01
1.135731514452741897e-01
5.137687722187951334e-01
6.400357985649700598e-01
6.449837319866291718e-01
3.250272839102062439e-01
2.170709685007954914e-01
9.792615483274852428e-02
8.869995076287934266e-02
8.992348502105529384e-01
1.040490641842042874e-01
8.333107760853510904e-01
1.638325205742255375e-01
9.041889445965214378e-01
4.918658091475249239e-01
3.663037223223111760e-01
8.999131460774528746e-02
3.836047795226689705e-01
8.902520402380740272e-01
7.070259768161688552e-01
7.897327872294740425e-02
8.284555947779796981e-01
2.281472552535203646e-01
6.139607367627908374e-01
1.561913830731306851e-01
2.695061404094519220e-01
2.676499723493536709e-01
8.889551840268210547e-01
4.528261945061343163e-01
4.604610150372241972e-01
1.163797894432476165e-01
1.040323401694244754e-01
6.296362595733513423e-01
9.015406940473751352e-01
5.415798821361734738e-01
9.924520770121708635e-02
1.009269905278070145e-01
3.527597119097574674e-01
4.955422512416879921e-01
9.164605103516915152e-02
4.295664013690557170e-01
1.911401838635435335e-01
3.299350930785083791e-01
5.550223791498525294e-01
4.351403265964385869e-01
7.520450167703733868e-01
7.161760494956754819e-01
4.388589154654600200e-01
1.505499920084802379e-01
9.131278964914795182e-01
1.882650588879189457e-01
9.035244454537163517e-01
5.083274131733788170e-01
8.128619489345620952e-01
3.912373237504713219e-01
1.793698027604199718e-01
4.337187458795900841e-01
3.630851032300516645e-01
3.236656227665832275e-01
6.691333224943563085e-01
7.585640950561045592e-01
8.168368445459486260e-01
9.688738464461782440e-02
5.760507390357496593e-01
3.988370632763783008e-01
9.967445823588721998e-02
5.223013062925072614e-01
6.756704234474157911e-01
3.640310449860986730e-01
7.248269637422384282e-01
5.543674065691690522e-01
1.929783851499674019e-01
6.300529060972233086e-01
4.816432925061431836e-01
1.032774870440554271e-01
2.613018197893184902e-01
9.863249524702516480e-02
5.416411166498764640e-01
3.774665356904109426e-01
8.043173991170309289e-01
5.523923735257898482e-01
5.475054266276102588e-01
9.884309718940481604e-02
8.966446241854411081e-01
1.169198938768686857e-01
4.469315575780575256e-01
9.358155376473703546e-02
9.131199584886160459e-01
8.931576814510879814e-01
8.773191594147145000e-01
4.446444885800382996e-01
3.033705767213861759e-01
9.070919823434366869e-01
7.060009971325045264e-01
6.365482755439368923e-01
3.432177686472463463e-01
6.282407364017819074e-01
9.226309175323871292e-02
1.155335439003850051e-01
9.729455032873840503e-02
8.689037845408797978e-01
